2 0.69140625 0.6296875 0.07109375 0.215625
1 0.54609375 0.73359375 0.09140625 0.16328125
1 0.778125 0.45078125 0.065625 0.16328125
1 0.815625 0.33203125 0.06015625 0.16640625
2 0.41484375 0.17734375 0.04921875 0.1046875
1 0.3359375 0.359375 0.05625 0.14375
1 0.24921875 0.56328125 0.06953125 0.16640625
1 0.12890625 0.428125 0.06171875 0.1765625
1 0.465625 0.56328125 0.06171875 0.140625
0 0.515625 0.57265625 0.01640625 0.03828125
1 0.5328125 0.53046875 0.0328125 0.128125
1 0.56171875 0.51015625 0.04296875 0.109375