2 0.89140625 0.71953125 0.0359375 0.12734375
2 0.1125 0.4015625 0.021875 0.08515625
0 0.50703125 0.76640625 0.021875 0.03359375
1 0.36953125 0.63125 0.0453125 0.12109375
1 0.54375 0.69140625 0.05859375 0.12421875
1 0.64609375 0.76328125 0.04375 0.11796875
1 0.68828125 0.7140625 0.07265625 0.1375
1 0.253125 0.4828125 0.04765625 0.09140625
1 0.1671875 0.3953125 0.021875 0.07890625
1 0.221875 0.3515625 0.02890625 0.06875
1 0.26640625 0.3625 0.034375 0.09140625
1 0.45703125 0.40625 0.03046875 0.08203125
1 0.09921875 0.33515625 0.01796875 0.04921875
1 0.6578125 0.3640625 0.0359375 0.08828125