2 0.8234375 0.6203125 0.06015625 0.209375
2 0.58046875 0.18359375 0.0359375 0.1046875
0 0.5109375 0.53515625 0.021875 0.04609375
1 0.50703125 0.665625 0.05078125 0.14375
1 0.546875 0.53828125 0.05625 0.1109375
1 0.8453125 0.45546875 0.05234375 0.16015625
1 0.32265625 0.4015625 0.05078125 0.15
1 0.45546875 0.475 0.053125 0.12734375
1 0.40234375 0.3953125 0.0453125 0.13046875
1 0.22890625 0.4015625 0.04375 0.14375
1 0.1265625 0.60546875 0.05859375 0.1859375
1 0.2578125 0.5125 0.053125 0.15
1 0.60859375 0.54140625 0.04921875 0.0984375
1 0.64609375 0.5546875 0.046875 0.07890625