0 0.43984375 0.77421875 0.025 0.05625
2 0.9 0.703125 0.03828125 0.16015625
2 0.15078125 0.4 0.02578125 0.09453125
1 0.32265625 0.49453125 0.0546875 0.1078125
1 0.3921875 0.659375 0.06171875 0.1046875
1 0.5734375 0.65859375 0.05859375 0.0921875
1 0.56171875 0.7453125 0.075 0.12734375
1 0.65625 0.69140625 0.05625 0.13125
1 0.49453125 0.41328125 0.05078125 0.1015625
1 0.22578125 0.41015625 0.03671875 0.09453125
1 0.3015625 0.359375 0.034375 0.09140625
1 0.25859375 0.353125 0.02890625 0.09140625
1 0.171875 0.365625 0.02265625 0.0796875
1 0.14609375 0.33125 0.0234375 0.0703125
1 0.6765625 0.35703125 0.02578125 0.08515625