2 0.27890625 0.5125 0.0328125 0.12421875
2 0.3625 0.21640625 0.01796875 0.05234375
1 0.13984375 0.46328125 0.03671875 0.11796875
1 0.1859375 0.5515625 0.03828125 0.14375
1 0.57265625 0.428125 0.03046875 0.1046875
1 0.2984375 0.33359375 0.02890625 0.07890625
1 0.353125 0.521875 0.034375 0.13046875
1 0.52421875 0.7140625 0.0328125 0.14375
1 0.671875 0.73203125 0.05078125 0.1734375
1 0.73671875 0.56640625 0.0453125 0.12109375
1 0.63671875 0.35 0.02734375 0.09140625
1 0.43515625 0.284375 0.034375 0.059375
1 0.77109375 0.321875 0.02890625 0.06875
1 0.7875 0.44375 0.0328125 0.1046875
1 0.8484375 0.30859375 0.02734375 0.075