2 0.68515625 0.61015625 0.06171875 0.16328125
1 0.31328125 0.7 0.03984375 0.15390625
1 0.46953125 0.6609375 0.03828125 0.15390625
1 0.40390625 0.5453125 0.04921875 0.12421875
1 0.228125 0.68203125 0.034375 0.12421875
1 0.140625 0.6359375 0.03828125 0.13125
1 0.6421875 0.4 0.0453125 0.09453125
1 0.84375 0.7375 0.046875 0.15703125
1 0.584375 0.30390625 0.021875 0.0984375
1 0.746875 0.34765625 0.0359375 0.1140625
1 0.78828125 0.41015625 0.034375 0.1078125
1 0.80859375 0.30546875 0.034375 0.1015625
1 0.77265625 0.325 0.0328125 0.08828125