1 0.3515625 0.72421875 0.03671875 0.1046875
2 0.7234375 0.57890625 0.0359375 0.1078125
1 0.678125 0.60546875 0.034375 0.134375
1 0.44375 0.49921875 0.05078125 0.0984375
1 0.690625 0.390625 0.0359375 0.12109375
1 0.7546875 0.3203125 0.046875 0.12421875
1 0.815625 0.33671875 0.0234375 0.1046875
1 0.59140625 0.29765625 0.02890625 0.08515625
1 0.90625 0.2890625 0.02890625 0.09453125
0 0.21796875 0.68515625 0.0140625 0.0203125
1 0.20390625 0.6359375 0.021875 0.0921875
1 0.221875 0.634375 0.021875 0.08203125