1 0.62109375 0.48984375 0.0359375 0.13046875
1 0.68046875 0.559375 0.0453125 0.12734375
1 0.65859375 0.703125 0.05234375 0.146875
1 0.77109375 0.69140625 0.05078125 0.15703125
1 0.41953125 0.81015625 0.05859375 0.1734375
1 0.58671875 0.821875 0.04921875 0.14375
2 0.0921875 0.49921875 0.02578125 0.1375
1 0.2125 0.4734375 0.03671875 0.1375
1 0.41875 0.559375 0.03828125 0.15390625
1 0.35703125 0.3984375 0.03671875 0.1109375
1 0.490625 0.5453125 0.0328125 0.15
1 0.23125 0.43515625 0.0296875 0.096875
1 0.19296875 0.43828125 0.03125 0.0953125
0 0.3078125 0.41875 0.00859375 0.01796875
1 0.29921875 0.37578125 0.0234375 0.1